141 190
144 215
150 239
157 261
165 282
179 301
193 318
208 332
228 337
248 333
268 320
285 303
299 281
307 257
310 231
312 204
312 178
153 188
163 180
178 181
192 186
206 192
229 189
243 182
257 176
273 174
288 180
218 204
219 222
219 241
220 260
207 265
214 269
222 271
231 268
239 264
170 204
178 199
189 199
198 207
188 209
178 209
244 204
251 195
263 193
273 197
265 203
254 204
197 291
207 288
216 285
224 287
232 285
243 287
256 289
244 301
234 305
225 306
216 305
207 301
202 292
216 292
225 294
233 292
251 290
233 293
225 294
216 293
