68 249
72 282
80 315
91 347
104 379
120 408
141 431
168 447
201 450
234 444
260 427
281 402
296 372
307 340
314 307
319 275
320 241
90 217
107 207
128 209
148 216
168 225
215 225
235 214
255 207
276 205
294 215
194 245
195 269
196 292
197 316
174 332
186 336
197 340
209 336
219 331
112 250
125 241
143 241
157 252
142 255
125 256
228 250
244 240
261 239
274 248
262 253
245 253
151 369
171 363
186 359
197 362
209 358
225 362
243 367
226 378
210 385
198 387
187 386
171 380
159 371
186 368
197 368
209 367
235 368
209 368
197 370
186 369
