286 221
284 251
284 283
287 314
294 343
308 369
328 389
350 406
377 416
408 420
440 412
470 396
496 375
516 345
528 312
539 277
545 240
296 201
310 187
332 188
353 195
373 205
416 208
442 200
470 198
498 204
518 221
394 239
392 261
390 283
387 305
363 319
374 323
385 327
398 327
412 326
314 229
329 223
348 226
360 241
344 245
325 241
434 249
451 236
471 236
486 246
472 255
452 255
353 360
365 354
375 350
383 355
392 352
408 362
423 372
406 380
390 381
380 379
372 377
362 371
360 361
374 360
382 363
391 363
416 370
391 365
381 364
374 361
